//主界面
[1,正在播放,0,0]
[2,分类播放,0,0]
[3,浏览文件,0,0]
[4,播放设置,0,0]
[5,系统设置,0,0]
//分类播放
[10,全部歌曲,0,0]
[11,专辑,0,0]
[12,艺术家,0,0]
[13,风格,0,0]
[14,我的最爱,0,0]
[15,播放列表,0,0]
[16,最近添加,0,0]

//播放
[20,关闭,80,226]
[21,摇滚,80,226]
[22,古典,80,226]
[23,爵士,80,226]
[24,流行,80,226]
[25,舞曲,80,226]
[26,人声,80,226]
[27,金属,80,226]
[28,ACG,80,226]
[29,自定义,80,226]
//播放设置
[30,播放模式,0,0]
[31,记忆播放,0,0]
[32,播放间隙,0,0]
[33,最大音量,0,0]
[34,开机音量,0,0]
[35,开机音量自定义,0,0]
[36,增益,0,0]
[37,均衡器,0,0]
[38,线路输出设置,0,0]
//38,固定电平,0,0]
[39,声道平衡,0,0]
[40,文件夹跳曲,0,0]
[41,多功能键,0,0]
[42,自定义,0,0]
[50,位置,0,0]
[51,曲目,0,0]
[52,记忆,0,0]
[53,淡入淡出,0,0]
[54,无缝,0,0]
[55,关闭,0,0]
[56,音量可调,0,0]
[57,音轨,0,0]
[60,固定电平,0,0]


[99,未发现TF卡,0,0]
[100,TF卡不存在,0,0]
[101,请插入TF卡!,0,0]
[102,TF卡未发现文件,0,0]
[103,未发现文件!,0,0]
[104,未发现列表文件,0,0]
[105,播放失败,0,0]
[106,文件不存在,0,0]
[107,目录层数太多,0,0]
[108,或文件名过长,0,0]
[109,重置当前EQ?,0,0]
[110,是,0,0]
[111,否,0,0]
[112,请更新媒体库!,0,0]
[113,重置成功,0,0]

[124,大,0,0]
[125,小,0,0]
[130,存储,0,0]
[131,车载,0,0]
[132,DAC,0,0]
[133,DAC设置,0,0]
[134,USB DAC,0,0]


//设置
[170,更新歌曲库,0,0]
[171,蓝牙,0,0]
[172,蓝牙设置,0,0]
[173,锁键设置,0,0]
[174,背光时间,0,0]
[175,背光亮度,0,0]
[176,省电待机,0,0]
[177,省电待机时间,0,0]
[178,睡眠待机,0,0]
[179,睡眠待机时间,0,0]
[180,输出选择,0,0]
[181,SPDIF 输出,0,0]
[182,USB模式,0,0]
[183,主题设定,0,0]
[184,线控支持,0,0]
[185,歌曲名显示,0,0]
[186,封面显示,0,0]
[187,歌词显示,0,0]
[188,转盘提示音,0,0]
[189,转盘灵敏度,0,0]
[190,重置数据库,0,0]
[191,本机与存储信息,0,0]
[192,Language/语言,0,0]
[193,字体大小,0,0]
[194,格式化,0,0]
[195,恢复出厂设定,0,0]
[196,固件升级,0,0]

[224,D2P,0,0]
[225,DOP,0,0]
[226,正常,0,0]
[227,全屏,0,0]
[228,OFF,0,0]

[229,重置数据库成功,0,0]
[230,手动,0,0]
[231,自动,0,0]
[232,锁屏,0,0]
[233,文件名,0,0]
[234,歌曲名,0,0]
[235,是否格式化?,0,0]
[236,文件系统正在格式化,0,0]
[237,格式化成功!,0,0]
[240,恢复出厂设定?,0,0]
[241,按“确认”键继续,0,0]
[242,恢复出厂设置成功!,0,0]
[243,确定升级固件?,0,0]
[244,系统正在升级,0,0]
[245,程序更新成功,0,0]
[246,程序更新失败,0,0]
[247,底座已连接,0,0]
[248,%d秒后关机,0,0]
[249,按任意键退出关机,0,0]

[250,常亮,0,0]
[251,文件正在更新...第%d首!,0,0]
[252,更新完成!,0,0]
[253,已更新%d首歌曲!,0,0]
[254,主题%d,0,0]
[255,%.1f G,0,0]
[256,%d首,0,0]
[257,文件正在更新...,0,0]
[258,第%d首,0,0]
//********新添加*******
[259,低电量自动关机,0,0]
[260,蓝牙设置,0,0]
[261,正在更新程序,0,0]

[269,未添加设备,0,0]
[270,搜索蓝牙设备,0,0]
[271,当前连接设备,0,0]
[272,管理已添加设备,0,0]
[273,无线播放品质,0,0]
[274,启动后自动连接,0,0]
[275,关于蓝牙,0,0]
[276,删除设备?,0,0]
[277,无法删除正在连接的设备，请先断开连接,0,0]
[278,音质优先,0,0]
[279,流畅优先,0,0]
[280,正在搜索蓝牙设备,0,0]
[281,请确保设备可用于配对或连接,0,0]
[282,未发现蓝牙设备,0,0]
[283,正在连接,0,0]
[284,断开设备连接?,0,0]
[285,是否切换到,0,0]
[286,设备连接后生效,0,0]
[287,设备名称:,0,0]
[288,蓝牙版本:,0,0]
[289,MAC地址:,0,0]
[290,已连接,0,0]
[291,连接失败,0,0]
[292,请尝试重新连接,0,0]
[293,正在断开连接设备...,0,0]
[294,设备连接已断开,0,0]
[295,蓝牙正在打开,0,0]
[296,请稍后...,0,0]
[297,正在取消搜索,0,0]
[298,正在取消连接,0,0]
[299,已连接蓝牙设备，请先断开连接,0,0]
//*******************

[300,简体中文,0,0]
[301,繁體中文,0,0]
[302,English,0,0]
[303,日本語,0,0]
[304,한국어,0,0]
[305,Français,0,0]
[306,Deutsch,0,0]
[307,Español,0,0]
[308,ภาษาไทย,0,0]
[309,Русский,0,0]
[310,Italiano,0,0]

[321,未知专辑,0,0]
[322,未知艺术家,0,0]
[323,未知风格,0,0]
[324,全部歌曲,0,0]

[329,删除文件,0,0]
[330,新建播放列表,0,0]
[331,加入现有播放列表,0,0]
[332,添加成功,0,0]
[333,操作重复,0,0]
[334,添加失败,0,0]
[335,删除当前文件?,0,0]
[336,按 "确认" 键继续,0,0]
[337,删除失败!,0,0]
[338,删除成功!,0,0]
[339,正在播放,0,0]
[340,删除文件夹,0,0]
[341,删除当前文件夹?,0,0]
[342,未发现列表文件!,0,0]
[343,添加我的最爱,0,0]
[344,删除我的最爱,0,0]
[355,按"确认 "键批量删除文件,0,0]
[356,正在删除...请稍后,0,0]
[357,批量删除成功!,0,0]
[358,不支持该文件!,0,0]
[359,删除列表文件?,0,0]
[360,从播放列表移除?,0,0]
[361,正在添加...请稍后,0,0]
[362,批量添加文件成功,0,0]
[363,输出异常,0,0]
[364,操作失败,0,0]
[365,请暂停音乐再切换!,0,0]
[366,切换中...,0,0]
[367,请尝试重新拔插耳机,0,0]
[368,蓝牙启动失败,0,0]
[369,请重新尝试,0,0]
[370,您已切换为 LO输出，请注意音量控制,0,0]
[371,按切换键切换字母和数字,0,0]
[372,搜索结果,0,0]
[373,未搜索到文件,0,0]
[374,已启用车载模式,0,0]

[380,高,0,0]
[381,中,0,0]
[382,低,0,0]

//多功能键
[400,播放控制,0,0]
[401,均衡器切换,0,0]
[402,列表跳转,0,0]
[403,主题切换,0,0]
[404,锁屏唤醒,0,0]
