//主インターフェース
[1,再生中,0,0]
[2,カテゴリ,0,0]
[3,ファイルを見る,0,0]
[4,プレイヤー設定,0,0]
[5,システム設定,0,0]
//カテゴリ
[10,すべての楽曲,0,0]
[11,アルバム,0,0]
[12,アーティスト,0,0]
[13,ジャンル,0,0]
[14,お気に入り,0,0]
[15,プレイリスト,0,0]
[16,最近追加した項目,0,0]

//放送
[20,OFF,80,226]
[21,Rock,80,226]
[22,Classical,80,226]
[23,Jazz,80,226]
[24,Pop,80,226]
[25,Dance,80,226]
[26,Vocal,80,226]
[27,Metal,80,226]
[28,ACG,80,226]
[29,Custom,80,226]
//プレイヤー設定
[30,再生モード,0,0]
[31,メモリー再生,0,0]
[32,再生ギャップ,0,0]
[33,最大音量,0,0]
[34,デフォルト音量,0,0]
[35,固定音量設定,0,0]
[36,ゲイン,0,0]
[37,イコライザ,0,0]
[38,ラインアウトモード,0,0]
//38,固定音量,0,0]
[39,バランス,0,0]
[40,フォルダスルー再生,0,0]
[41,マルチファンクションボタン,0,0]
[42,カスタム,0,0]

[50,位置,0,0]
[51,曲,0,0]
[52,メモリ,0,0]
[53,フェードイン/フェードアウト,0,0]
[54,ギャップレス,0,0]
[55,なし,0,0]
[56,音量可変,0,0]
[57,トラック,0,0]
[60,固定音量,0,0]

[99,カードが見つかりません,0,0]
[100,microSDカードなし,0,0]
[101,microSDカードを挿入!,0,0]
[102,音楽が見つかりません,0,0]
[103,ファイルが見つかりません,0,0]
[104,プレイリストが見つかりません,0,0]
[105,再生失敗,0,0]
[106,ファイルが見つかりません,0,0]
[107,ディレクトリ階数,0,0]
[108,ファイル名が長すぎる,0,0]
[109,このEQ設定をリセットする,0,0]
[110,Yes,0,0]
[111,No,0,0]
[112,ライブラリを更新してください,0,0]
[113,リセット成功,0,0]

[124,ビッグ,0,0]
[125,スモール,0,0]
[130,ストレージ,0,0]
[131,車内モード,0,0]
[132,DAC,0,0]
[133,DAC設定,0,0]
[134,USB DAC,0,0]

//設定
[170,ライブラリ更新,0,0]
[171,Bluetooth,0,0]
[172,Bluetooth設定,0,0]
[173,キーロック設定,0,0]
[174,スクリーン時間,0,0]
[175,スクリーン明度,0,0]
[176,待機モード,0,0]
[177,待機モードタイマー,0,0]
[178,スリープタイマー,0,0]
[179,スリープ時間,0,0]
[180,出力を選択,0,0]
[181,SPDIF out,0,0]
[182,USBモード,0,0]
[183,背景テーマ,0,0]
[184,インラインコントロール機能をサポート,0,0]
[185,ファイル名表示,0,0]
[186,アートワーク表示,0,0]
[187,歌詞表示,0,0]
[188,スクロールホイール動作音,0,0]
[189,ホイール感度,0,0]
[190,データべースをリセット,0,0]
[191,X3について,0,0]
[192,Language/言語設定,0,0]
[193,フォントサイズ,0,0]
[194,microSDを初期化,0,0]
[195,デフォルト設定,0,0]
[196,Firmware update,0,0]

[224,D2P,0,0]
[225,DOP,0,0]
[226,ノーマル,0,0]
[227,全面,0,0]
[228,OFF,0,0]


[229,リセット成功,0,0]
[230,手動,0,0]
[231,自動,0,0]
[232,ロック画面,0,0]
[233,ファイル名,0,0]
[234,タイトル,0,0]
[235,カードをフォーマットしますか？すべてのデータは消去されます    ,0,0]
[236,ファイルをフォーマット...,0,0]
[237,フォーマット成功!,0,0]
[240,デフォルト設定にリセットしますか?,0,0]
[241,OKボタンを押して続行,0,0]
[242,デフォルト設定完了!,0,0]
[243,Confirm to update firmware?,0,0]
[244,Updating firmware，do not operate or shut down the device while the update is in progress,0,0]
[245,プログラム更新成功,0,0]
[246,プログラムアップデート失敗,0,0]
[247,ドックに接続されました。,0,0]
[248,%d秒後に電源が切れます。,0,0]
[249,いづれかのキーを   押してキャンセル。,0,0]



[250,オン,0,0]
[251,ライブラリ更新中...%d!,0,0]
[252,ライブラリ更新完了!,0,0]
[253,%d曲更新完了!,0,0]
[254,背景テーマ%d,0,0]
[255,%.1f G,0,0]
[256,%d,0,0]
[257,ライブラリ更新中...,0,0]
[258,%d!,0,0]
//********新添加*******
[259,Low battery，Shutting down,0,0]
[260,Bluetooth設定,0,0]
[261,プログラムをアップデート,0,0]

[269,デバイスが見つかりません,0,0]
[270,BTデバイスを検索,0,0]
[271,現在接続中のデバイス,0,0]
[272,追加されたデバイスを管理,0,0]
[273,Wireless playback quality,0,0]
[274,起動時自動接続,0,0]
[275,About Bluetooth,0,0]
[276,デバイスを削除?,0,0]
[277,現在接続中のデバイスの削除失敗。先に解除,0,0]

[278,aptX,0,0]
[279,一般,0,0]
[280,Bluetoothデバイスを検索中...,0,0]
[281,ペアリング可能な状   態か確認してください,0,0]
[282,Bluetoothデバイス   が見つかりません,0,0]
[283,に接続中,0,0]
[284,デバイスへの接   続を解除しますか?,0,0]
[285,に切替ますか?,0,0]
[286,Changes will take effect after device reconnection,0,0]
[287,Device name:,0,0]
[288,Bluetooth version:,0,0]
[289,MAC address:,0,0]
[290,に接続完了,0,0]
[291,接続失敗,0,0]
[292,再接続をお試しください,0,0]
[293,接続を解除中…,0,0]
[294,デバイスとの接続を解除,0,0]
[295,Bluetooth動作中,0,0]
[296,お待ちください...,0,0]
[297,検索を中止,0,0]
[298,接続を中止,0,0]
[299,Bluetoothデバイスに接続，はじめに解除してください,0,0]
//*******************


[300,简体中文,0,0]
[301,繁體中文,0,0]
[302,English,0,0]
[303,日本語,0,0]
[304,한국어,0,0]
[305,Français,0,0]
[306,Deutsch,0,0]
[307,Español,0,0]
[308,ภาษาไทย,0,0]
[309,Русский,0,0]
[310,Italiano,0,0]

[321,Unknown album,0,0]
[322,Unknown artist,0,0]
[323,Unknown genre,0,0]
[324,すべての楽曲,0,0]

[329,ファイルを削除,0,0]
[330,新しいプレイリスト,0,0]
[331,既存のプレイリストに追加,0,0]
[332,追加完了,0,0]
[333,操作重複,0,0]
[334,追加失敗,0,0]
[335,削除しますか?,0,0]
[336,OKボタンを押して続行,0,0]
[337,削除失敗!,0,0]
[338,削除成功!,0,0]
[339,再生中,0,0]
[340,フォルダを削除,0,0]
[341,現在のフォルダを削除しますか?,0,0]
[342,プレイリストが見つかりません,0,0]
[343,お気に入りに追加,0,0]
[344,お気に入りから削除,0,0]
[355,OKボタンを押して削除,0,0]
[356,削除中…お待ちください,0,0]
[357,ファイルを削除しました!,0,0]
[358,ファイルがサポート外です!,0,0]
[359,プレイリスト   を消去しますか?,0,0]
[360,Remove song from playlist?,0,0]
[361,追加中…お待ちください,0,0]
[362,まとめ追加完了,0,0]
[363,Output error,0,0]
[364,操作失敗,0,0]
[365,出力切替前に音楽   を停止してください,0,0]
[366,切替中...,0,0]
[367,Please reinsert earphones,0,0]
[368,Bluetoothの起動失敗,0,0]
[369,再度お試しください,0,0]
[370,ライン出力に切替成功。  音量に注意してください。,0,0]
[371,プレヴィアス/ネクストボタンを押して文字と数字を変換します,0,0]
[372,検索結果,0,0]
[373,曲が見つかりません,0,0]
[374,車内モードを有効にする,0,0]

[380,High,0,0]
[381,Medium,0,0]
[382,Low,0,0]

//マルチファンクションボタン
[400,再生コントロール,0,0]
[401,EQ,0,0]
[402,ジャンプリスト,0,0]
[403,テーマ,0,0]
[404,スクリーンをアンロック,0,0]
