//主介面
[1,音樂播放,0,0]
[2,分類播放,0,0]
[3,瀏覽檔案,0,0]
[4,播放設定,0,0]
[5,系統設定,0,0]
//分類播放
[10,全部歌曲,0,0]
[11,專輯,0,0]
[12,歌手,0,0]
[13,風格,0,0]
[14,我的最愛,0,0]
[15,播放清單,0,0]
[16,最近新增,0,0]

//播放
[20,關閉,80,226]
[21,搖滾,80,226]
[22,古典,80,226]
[23,爵士,80,226]
[24,流行,80,226]
[25,舞曲,80,226]
[26,人聲,80,226]
[27,金屬,80,226]
[28,ACG,80,226]
[29,自訂,80,226]

//播放設定
[30,播放模式,0,0]
[31,記憶播放,0,0]
[32,播放間隔,0,0]
[33,最大音量,0,0]
[34,開機音量,0,0]
[35,開機音量設定,0,0]
[36,增益,0,0]
[37,等化器,0,0]
[38,線路輸出設置,0,0]
//38,固定電平,0,0]
[39,聲道平衡,0,0]
[40,資料夾跳曲,0,0]
[41,多功能鍵,0,0]
[42,自訂,0,0]

[50,位置,0,0]
[51,曲目,0,0]
[52,記憶,0,0]
[53,淡入淡出,0,0]
[54,無縫,0,0]
[55,關閉,0,0]
[56,音量可調,0,0]
[57,音軌,0,0]
[60,固定電平,0,0]

[99,未插入TF卡,0,0]
[100,TF卡不存在,0,0]
[101,請插入TF卡!,0,0]
[102,TF卡未發現檔案!,0,0]
[103,未發現檔案!,0,0]
[104,未發現播放清單文件,0,0]
[105,無法播放,0,0]
[106,檔案不存在!,0,0]
[107,目錄層數太多,0,0]
[108,或檔名過長,0,0]
[109,重置本EQ設定,0,0]
[110,是,0,0]
[111,否,0,0]
[112,請更新媒體庫!,0,0]
[113,重置成功,0,0]

[124,大,0,0]
[125,小,0,0]
[130,存儲,0,0]
[131,車載,0,0]
[132,DAC,0,0]
[133,DAC設定,0,0]
[134,USB DAC,0,0]

//設定
[170,更新歌曲庫,0,0]
[171,藍牙,0,0]
[172,藍牙設定,0,0]
[173,鎖鍵設定,0,0]
[174,背光時間,0,0]
[175,背景亮度,0,0]
[176,省電待機,0,0]
[177,省電待機時間,0,0]
[178,睡眠待機,0,0]
[179,睡眠待機時間,0,0]
[180,輸出選擇,0,0]
[181,SPDIF 輸出,0,0]
[182,USB模式,0,0]
[183,主題,0,0]
[184,線控支持,0,0]
[185,歌曲名顯示,0,0]
[186,顯示封面,0,0]
[187,顯示歌詞,0,0]
[188,轉盤提示音,0,0]
[189,轉盤靈敏度,0,0]
[190,重置數據庫,0,0]
[191,本機與存儲資訊,0,0]
[192,Language/語言,0,0]
[193,字體大小,0,0]
[194,格式化,0,0]
[195,恢復出廠設定,0,0]
[196,軔體升級,0,0]
 

[224,D2P,0,0]
[225,DOP,0,0]
[226,正常,0,0]
[227,全屏,0,0]
[228,OFF,0,0]

[229,重置成功,0,0]
[230,手動,0,0]
[231,自動,0,0]
[232,鎖屏,0,0]
[233,檔案名,0,0]
[234,歌曲名,0,0]
[235,是否格式化?,0,0]
[236,系統正在格式化,0,0]
[237,格式化成功!,0,0]
[240,恢復出廠設定?,0,0]
[241,按“確認”鍵繼續,0,0]
[242,已恢復出廠設置,0,0]
[243,確認軔體升級?,0,0]
[244,升級軔體中，請勿操作或關閉電源,0,0]
[245,程式更新成功,0,0]
[246,程式更新失敗,0,0]
[247,底座已連接,0,0]
[248,%d秒後關機,0,0]
[249,按任意鍵退出關機,0,0]



[250,恆亮,0,0]
[251,檔案正在更新...第%d首!,0,0]
[252,更新完成!,0,0]
[253,已更新%d首歌曲!,0,0]
[254,主題%d,0,0]
[255,%.1f G,0,0]
[256,%d首,0,0]
[257,檔案正在更新...,0,0]
[258,第%d首,0,0]

//********新添加*******
[259,電量低，設備正在關機,0,0]
[260,藍牙設定,0,0]
[261,正在更新程式,0,0]

[269,未配對設備,0,0]
[270,搜尋藍牙裝置,0,0]
[271,目前連接裝置,0,0]
[272,管理已配對裝置,0,0]
[273,無線播放品質,0,0]
[274,開機自動連接,0,0]
[275,關於藍牙,0,0]

[276,刪除裝置?,0,0]
[277,無法刪除連接中的設備，請先中斷連接,0,0]
[278,aptX,0,0]
[279,普通,0,0]
[280,正在搜尋藍牙裝置,0,0]
[281,請確定裝置處於可配對狀態,0,0]
[282,無可用藍牙裝置,0,0]
[283,正在連接,0,0]
[284,中斷裝置連線?,0,0]
[285,是否切換到,0,0]
[286,重新連結裝置後生效,0,0]
[287,裝置名稱:,0,0]
[288,藍牙版本:,0,0]
[289,MAC地址:,0,0]
[290,已連接,0,0]
[291,連接失敗,0,0]
[292,請再次連接,0,0]
[293,正在中斷連線裝置...,0,0]
[294,裝置連線已中斷,0,0]
[295,藍牙開啟中,0,0]
[296,請稍後…,0,0]
[297,正在取消搜尋,0,0]
[298,正在取消連接,0,0]
[299,已連接藍牙設備，請先中斷連結,0,0]
//*******************


[300,简体中文,0,0]
[301,繁體中文,0,0]
[302,English,0,0]
[303,日本語,0,0]
[304,한국어,0,0]
[305,Français,0,0]
[306,Deutsch,0,0]
[307,Español,0,0]
[308,ภาษาไทย,0,0]
[309,Русский,0,0]
[310,Italiano,0,0]

[321,未知專輯,0,0]
[322,未知歌手,0,0]
[323,未知風格,0,0]
[324,全部歌曲,0,0]

[329,刪除檔案,0,0]
[330,新建播放清單,0,0]
[331,加入現有播放清單,0,0]
[332,添加成功,0,0]
[333,操作重複,0,0]
[334,添加失敗,0,0]
[335,刪除目前檔案?,0,0]
[336,按”確認”鍵繼續,0,0]
[337,刪除失敗!,0,0]
[338,刪除成功!,0,0]
[339,音樂播放,0,0]
[340,刪除資料夾,0,0]
[341,刪除當前資料夾?,0,0]
[342,未發現播放清單文件,0,0]
[343,加入我的最愛,0,0]
[344,從我的最愛移除,0,0]
[355,按"確認"鍵批次刪除檔案,0,0]
[356,正在刪除，請稍候...,0,0]
[357,批次刪除成功,0,0]
[358,不支援該檔案!,0,0]
[359,刪除播放清單檔案?,0,0]
[360,从播放列表移除?,0,0]
[361,正在加入，請稍候...,0,0]
[362,批量添加檔案成功,0,0]
[363,輸出異常,0,0]
[364,操作失敗,0,0]
[365,請暫停播放再切換!,0,0]
[366,切換中...,0,0]
[367,請重新拔插耳機,0,0]
[368,藍牙啟動失敗,0,0]
[369,請重新嘗試,0,0]
[370,您已切換為 LO輸出，請注意音量控制,0,0]
[371,按切換鍵切換字母和數字,0,0]
[372,搜索結果,0,0]
[373,未搜索到文件,0,0]
[374,已啟用車載模式,0,0]

[380,高,0,0]
[381,中,0,0]
[382,低,0,0]

//多功能鍵
[400,播放控制,0,0]
[401,均衡器切換,0,0]
[402,播放清單跳轉,0,0]
[403,主題切換,0,0]
[404,鎖屏喚醒,0,0]
